10862652
41655749
89187230
52614309
227978767
77049733
93914377
98228503
88131948
61194740
67786439
49695454
72534602
66033538
42406177
181283182
48647801
76486188
71466268
17628288
66189587
40429518
65082921
84763554
113923541
53565350
20150161
12085565
141311254
111523393
40218664
9151787
118734115
55951120
56954240
43201165
53021111
106343197
44293274
220817346
67668565
51534372
46494128
78526616
60086920
43149118
75385480
232859078
194519919
89667532
79973282
28211147
63945678
53890644
83442899
74429934
50700283
17508649
13199732
45135428
34910824
109856437
120793863
22344729
248027267
84500849
94616228
178371187
226828176
202334674
127964370
43106985
151888274
215178740
105501564
239492135
304359899
188459649
151016032
40317028
136089783
61240124
168348060
191037132
226627498
148835353
33220213
17311636
180493636
123605941
64761468
13802347
71425076
62880546
80959195
51946918
138878941
199950868
80432882
308938420
210390132
128346471
133559912
159630425
343128015
297207553
198321881
98540643
92570766
107846790
446030088
342709149
493469086
539034575
766967268
684114619
569728020
383335349
189285486
65358550
10809116
57844105
60320118
34390084
210016075
47958507
77005556
110568336
92367010
78305706
58459381
19318573
74666612
77150025
47036395
102316251
49677945
112517976
114941983
31245415
87723521
94179536
322161197
272715494
188582191
117738299
15324910
19416732
120914681
119717218
89764156
13524296
351000017
425230998
374774915
202513887
173395312
148858702
100288546
232462217
135342295
87882223
65031037
86515173
63997678
104884546
52443291
85040709
71715912
98394414
76640896
37163821
106455128
99277935
91925674
87565516
80693772
25161321
21295807
126716607
27124044
83059730
92232734
19032216
173253614
39055139
142473992
101617496
93837546
148120085
62825647
41177134
186425878
118616668
95263642
147340502
80538575
91179865
120457246
41961333
86233296
62528851
84009822
117402362
156416568
79981548
14613042
12345169
157253997
123329656
62170079
22520749
123117784
78097418
68302598
77304014
118899930
328152625
224426770
393650466
202781624
89583886
171046360
135917953
352459013
219458899
76861627
94059170
72646695
50550849
322896828
205919654
209026153
181738589
229243312
233827151
243168333
81656361
31813631
136019243
24270099
213424333
151240820
71458305
635209085
559318801
714197290
1160426620
1074541838
937739886
791103296
601563487
484038646
350096582
187656472
87649583
94485986
52847989
80659763
33638972
76317646
38971426
68052229
98820636
82479717
55858307
14497489
9312809
77959923
65132433
36062090
12033578
73144309
41206012
56248398
34443561
64162449
88545718
34791876
163808752
63163457
53172395
70743532
70461987
75560852
60979755
59325622
72273434
82300427
64480021
73886172
61662131
68521030
77395690
114963047
77883052
56885086
28764635
13550630
57541573
12932893
63174233
60257841
50736162
145329932
30598960
112747914
124071647
122103140
96499613
75747588
40921948
87599423
71543301
49037297
141642762
108727584
140981500
166581245
43297148
123165998
100873210
123601794
167781712
222800795
180519724
38790455
19534198
162223066
120307380
76669417
22079498
72784498
144227669
86966710
40236268
70048090
119838715
52443325
131369306
49051710
48823257
78194916
68738215
69853304
64761699
75840511
104456074
121990332
69071334
141434243
92429861
220697960
151813311
271550576
376922051
739607280
696902154
580026750
1020914331
854179751
1404609556
1917884038
2107424946
3016981379
2949440205
3168574667
3255256348
3330499978
3361062683
3570248492
3714286262
3980894808
4023045416
4009934472
4223622830
4175720877
4252103146
4347051149
4211469355
4196519167
4101741024
4160922519
4097248078
4163383762
4068481226
3893440439
3707738975
3709522177
3631494092
3562296443
3377845664
3312161025
3235933449
3188005779
3077272810
3066889611
3126271354
3112831274
3277536729
3174577782
3075634425
3102796403
3010935574
2985798816
2966037620
2984296422
2892297739
2861501758
2859147749
2807194870
2673061953
2618986184
2552877427
2515060327
2446964678
2348190332
2136240667
1929522741
1850667960
1641211980
1546740876
1411318952
1262527789
1383678459
1271901985
1265146062
1242973242
1291003355
1392146289
1374804120
1254312652
1497796300
1661543338
1691303883
1827643599
1725869484
1660483330
1708583699
1570956366
1593684813
1487463975
1507356589
1479978400
1476635613
1424929638
1274899078
1081082491
1244003904
1334989960
1238961994
1066464971
1140480408
1065090904
1418933756
1539135796
1498106796
1420819274
1259720698
1219749044
1066369595
899235392
740842979
614214751
481389897
347224350
212233841
96433416
85577257
86873546
98913850
74935016
112449960
189765463
122641253
675077434
672105257
511672514
260024224
229457384
214671274
213109562
215115238
216307554
2480564806
2388181016
2472151203
2694877071
2910727490
3389396458
4560454567
4421760748
4493754347
4437949904
4320814842
4321115627
4272478868
4186857524
4087704281
3923927885
3901633946
3768886823
3637619667
3528386787
3779547467
3696282507
3497789375
3312657395
3431373263
3363000336
3267964690
3080113780
2975127200
2812937170
2644878961
2486574030
2373847649
2325848808
2187718342
2261111309
2121243588
1980708448
1877800550
1780658956
1684926504
1524355088
1381447187
1290652487
1107654839
965838650
865561191
671390996
560482314
410219131
220684970
79469950
81700419
34311956
17622103
115651185
15802810
70969088
102938953
18849066
171551770
49331310
138196954
134889101
160635246
176483319
71619365
68357704
185391297
245817832
153803111
230076610
378270019
529022855
499785447
421858956
516880803
472461906
393628332
449099655
535360912
453802271
278079498
100776434
152436301
139417990
489532917
301350753
280220814
142680191
111726500
92419442
80234067
267813661
120440628
121096137
79224517
141897904
68087393
104747624
135762615
163745312
154130766
181475066
200969677
272015750
195193905
87889202
123121048
174988338
292694500
277362096
206250402
69549862
22915899
126516291
27692248
176381794
130050584
86077270
275358498
142208238
213995229
249198511
161788055
160450947
123496404
63348824
354091040
327840765
228919458
212772738
78615268
148134387
212068448
61302769
132816355
67573194
97966783
116525419
228805903
159486639
25618256
31245193
146468372
146524675
60450678
22295860
95185516
112269848
67335023
45705969
81073880
128867882
141130936
190469839
62546353
91366360
121057621
103885422
140361461
82476557
95604492
117759695
106477109
82779154
91245440
33437170
92887409
58789772
92979955
105616510
92149756
63287908
20361469
64195211
22088317
128402891
155158055
44387475
234142084
57927155
54603948
74508067
75277947
80275503
65931249
55779662
91626005
109081353
77133387
139965744
70014354
69624399
361260542
203321785
125506071
130779091
132491375
169812192
104659808
78689218
20048526
11915376
76036783
52396814
76235808
30317205
101526722
57868463
75153150
43672465
84834757
86128091
51000066
193185662
60995321
39330701
126139000
89887145
74148942
52665762
35096479
65070054
41998733
50579272
80708883
38109337
72094010
80565560
102001010
78678580
52527790
37233187
16596070
51067929
12382249
76126499
63868600
36027605
119084251
41379759
65094523
102444538
101863260
58304146
306650653
205581491
119160474
101372119
79376909
181613323
50655727
90083106
94006203
21526421
80139915
44419319
77211759
96035709
97213645
76807061
24676317
9232078
114279670
139807453
69900618
21155154
140886754
87643782
87202394
67521719
148095525
214904013
92349176
272041824
141019262
125100789
113168884
137142336
283335298
176112407
88887011
120917992
95746579
74873997
181359324
96150310
157712485
146746751
138806771
107093509
121294341
27327634
10764168
72367805
11961198
69210435
97420007
51403315
268238557
136428644
134050217
180481516
291845963
235303475
204744075
84937463
469348237
442294010
309019943
287230986
128102482
62778762
631574576
673153911
786755124
945431690
928750012
852663137
750191506
631694560
442102108
247876640
136138293
83987028
48067421
18083468
164901141
64634038
68457101
34377371
67738542
80189140
36648958
107053508
83952796
39802236
55483777
50549703
49847438
54583446
56735493
61952259
60546684
165473752
388057932
265828156
164795909
81816886
55425756
81079190
87631980
21793318
19151127
133410219
30437083
312317228
392492885
276801892
381071338
259950424
147381440
142408336
203806878
139432105
84982360
46351927
81378434
103631132
53754469
128143384
60908226
100255760
119004824
68883456
165413879
103660619
69040086
87314594
143570638
54532405
27369774
10728796
230761588
149588223
66630322
11591655
80222022
60610339
76173166
114368862
105497668
155981134
51591611
208114568
58416274
72643685
104891115
57325062
69173628
65074776
68176305
103418581
70342134
62946462
85179596
47695442
92644238
115287549
96334480
102045814
62497836
16544228
23096078
70286889
12429862
95385546
88732741
68035235
253382258
97653011
279085523
306148145
277236899
199097880
105762159
80890365
177242809
368296091
237577141
179286180
66166165
83667792
69753706
194367710
221013961
200380972
211978686
257878526
349358538
346295567
208501311
25353532
305993486
402682425
289296502
102550977
257563103
249108581
359131368
261232076
328190922
659130909
740530928
683146395
520603952
367271916
215615968
64899860
52979354
76070484
44582557
61861601
47192213
63786013
68691450
39007699
69702033
53938733
62464048
46644953
52443817
17520875
14403377
38798380
14623626
57017315
52741828
18263323
100860670
30283901
62774792
92981994
92873443
99203347
64683824
38448027
92677468
94516076
62147386
136091781
46669869
92285319
126749728
41113381
122694111
60715959
84342354
124563681
111188647
62515512
21906897
9797107
92929247
60371730
42898280
12979093
73498083
57845477
53091172
30948298
68285267
98269141
44954585
152475782
48951853
56131098
59352174
47660229
58565700
86087424
122599503
135162162
98586331
95507663
143641885
52158738
111660394
166832724
231933447
219311031
120640663
28375482
29924218
79526122
8787904
55188852
58071289
30082163
163181820
28959511
99047564
103408528
108657402
91968348
59225250
26197321
104505823
84038066
51720045
180911127
78671247
104252029
133315104
52431520
218419517
265611894
298216139
266571185
463208595
771233160
687298780
563235578
1342858630
2236022076
2689860052
2575327889
3124483583
3121294935
3268443170
3216137388
3202730794
3258128270
3197438794
3662004965
3895285334
3919582481
3903701262
3898863567
3939015564
3918148536
3873808494
3900583148
3934585174
3939279575
3898597403
3770962604
3699273283
3696933606
3629244993
3561277333
3493584754
3327516756
3143437607
3091101696
2904127791
2828443161
2764160084
2618365667
2701730181
2575227448
2579792618
2646150912
2713442564
2829233258
2784901405
2682392354
2683736062
2709114787
2644902138
2769403609
2710407117
2662439885
2807402719
2698239323
2716818507
2606876079
2595973710
2575814967
2558451473
2463190327
2283834365
2098810242
2082734112
2029720735
1928451442
1737727434
1718392564
1645231182
1582700549
1450612359
1399889238
1381234637
1304405230
1619136142
1545985077
1555887677
1600460162
1682232324
1753363230
1673003908
1641311517
1589679533
1488176262
1404970816
1399613967
1289297751
1241987218
1133267251
1071999697
1045468108
973913815
802287619
617695689
577591058
402820361
416718221
421899070
305276281
608770776
550291047
749798169
1235225115
1215100017
1101636096
984835619
816690872
708898063
567373362
428176718
357989063
219208778
103985118
135513161
126296517
138570353
88780660
116864698
241315713
180480027
611475991
456753095
271408526
367742600
309229188
214757906
207566993
192035745
209750809
275867124
1902982946
2213481192
2365891483
2337589739
2792603724
2908955603
3495384919
4252007092
4201392967
4183559964
4064827389
3941339859
3852967767
3729226310
3686802851
3615687642
3427431684
3287311152
3234376877
3124693422
3013665979
2868187148
2670292455
2481394991
2353724458
2156126068
2226750978
2276766598
2126630240
2313303281
2172045191
2161002950
2076551295
1961487099
1852733064
1750776269
1597596746
1531813468
1528007483
1388837515
1382276630
1226588143
1128192576
998033989
829297146
707975904
551595634
428978684
306290615
224370664
75645332
25956188
9273038
93914529
182192431
88556880
25064133
143456328
84989825
67826970
32287249
109879590
157316029
100243036
281917303
126232107
83300096
90667189
176077908
168434915
104154421
157450219
546224223
438349007
391661613
468705620
360336800
267979786
220900984
246590681
295677780
269532506
94166568
37407688
98603710
18476193
413652208
380649335
210560193
234191033
85158346
119471080
172953998
195328870
70429378
69353516
96736038
114014617
94616943
98619051
353036811
272120592
237003921
332128821
230369865
270645829
170099975
140990368
135030363
375830808
339704710
164831743
22481420
238967284
207330583
108869606
35226728
149506874
109119817
129277082
74471874
195004561
265896254
136278270
324725463
207654020
106052754
175063967
207865139
154727843
106113391
84667621
166120644
136957232
113506349
102721396
50258920
72458621
60822900
165335214
185971425
113216978
29140135
13604192
111612964
18283180
93183348
110259769
40176290
181401546
50089070
93132351
145308916
266889977
181153522
78673243
42612884
217544701
161539174
70570125
160721085
72949583
116813507
210208550
64150198
99476160
59702978
87144142
120823557
76837103
58995029
24663520
28576294
249707333
156593275
44790071
15602182
127866731
117819151
94515988
72752587
46571462
308979511
140876331
102228812
67116818
65398478
76867282
76049878
104187037
46988513
61520584
77049390
105593481
265435815
174027638
54155746
107143349
118504546
121812016
97504234
52925104
18117499
16538836
50879770
6967909
66795558
97326168
43804697
137346493
39540422
101302083
73772030
133873657
112950600
103960663
30235785
74087175
78227418
89251771
119942279
62801359
57190844
68875152
22928089
88579026
50942077
67568603
106691951
116890243
58897734
20157230
15717909
115452001
72386167
83732364
10243602
72312680
49612115
53271685
31210819
76549528
102486301
76056042
134574342
51287010
51601574
96806626
64488399
60252017
52488837
91466037
84108856
71621079
59395707
44144564
48018061
43784494
66588255
96371937
62909518
83045308
20823856
16488687
20469131
26770166
96942334
142582363
48410816
311551685
144763311
111703469
219227850
205132404
162710548
133374564
39518747
215196443
157000072
111171883
395210716
262892590
146188711
184062364
53263217
138197375
143114554
166618316
212319334
195803972
101377858
18421450
20543878
146660854
115549800
56671465
13507181
88649386
204216736
101829906
84949191
134392456
157614227
91154874
359482932
256449986
163689801
140313908
348624709
332211643
227691387
85331011
103942749
50876811
506228179
659376415
591144287
613466067
809365098
751875199
652119757
504034915
316626134
123592478
60306497
190914795
212890142
260438800
200096357
384755430
228571807
243056464
247771385
236547450
199970778
213366395
194303689
219384188
213019759
187216389
329242786
196297576
224670566
216853166
164834451
218806275
184167016
210920877
234162918
279054375
189390632
166793981
151928279
292565104
261258298
180532525
152393009
262227790
198163535
202375385
186628121
206259767
252841780
179497307
372093663
217324962
193260143
189224412
222038600
201693593
186524957
216645160
398797395
343371946
278893123
219972440
169123309
204993968
192318596
224521208
215293633
191018522
159406194
149355364
185547866
173419744
251841081
263203048
165187648
410527752
212797170
234193456
319598179
369262651
341933528
269142101
182427894
292627334
355692913
278185752
403640237
447078081
333415913
292539621
179895377
280916691
199309641
311533664
332667335
367776377
290626017
171891214
156927729
322394213
261880706
203227734
151961463
211653930
206372738
230642743
189968421
280929364
341431554
210901238
453895016
350672163
270625782
273601204
333535007
501043515
483589707
339539214
261443693
261169178
245980200
591518235
512058395
633363930
682347697
917590443
827691186
720327751
528961920
347740910
237325047
151319694
199918728
206722059
180699612
378299922
183502190
221117430
274655369
227334960
226099098
199516907
159231774
221817100
237784906
172787419
247143574
242988053
276395062
257819328
201748913
231665590
237132345
485726950
417042917
332460703
258065934
156488755
161947313
260829537
281667215
233215896
152830605
494030502
587856534
518489868
345165500
320521286
290891610
234326790
373081070
276311797
229858479
211842906
233355282
224798000
246865272
203719398
236017924
210678216
243464732
218282741
177091258
251079349
239053380
230719542
231361587
218744124
166162943
164219339
268046615
165939034
227084510
231336439
160320144
320320553
180240029
280158327
248206674
233483224
289158106
207234834
183102320
348512720
311430430
235771499
292125267
220410783
262576198
280091801
183226070
226611491
203357250
228535984
258437485
295358030
222956595
151804481
149266068
305376191
264163601
200529260
167017958
261840793
217662109
211051291
213293064
262696983
470597706
352394248
566758243
366282058
262983252
309291232
276814872
491714158
358635349
223513601
235801225
215843692
193696888
462500525
344622050
354071159
319592491
368725086
390436307
382997488
220114226
168782457
281477477
162658106
359558365
291302312
211491745
809462201
804205588
902767411
1301874876
1219610834
1098477765
933065111
740949277
633205116
490504028
325188042
225827296
236759987
190838867
219001194
171929464
218237935
180838454
207734252
244360784
226238069
194242823
153656423
149709313
215554454
203315539
179238300
155290679
212811575
183022882
203679606
172595790
281888163
240087753
165774628
304909519
200792233
215313659
208695022
210754134
212709005
199079835
199881645
211378371
221427280
227361709
216571131
204472080
207587833
215103274
256195680
216202950
196570141
163032016
148256582
196929505
152539411
204549912
200994083
187834917
289909960
186112824
319541324
260596412
278445943
231417617
212615340
182095976
232706653
220130681
192901557
291192574
254107927
280022405
336958465
175191622
264580727
231887061
261613804
305406194
361725701
320406509
176357712
159366300
302705019
258115791
234026450
158890283
287203356
301354562
229052387
177287786
210108660
265336695
180416371
275349463
192616833
187968852
217150385
205678421
212950126
204865592
224820986
242126595
266881271
207436058
279426480
232809885
359482064
288972353
418562693
512729069
875762568
876015338
747215754
1151908754
994722640
1548888734
2055115219
2249014511
3159857648
3099427960
3313043378
3398513128
3469746878
3505791810
3717134246
3869258275
4127759847
4166487024
4154170848
4363848250
4311517640
4392422687
4487510733
4352167674
4337651797
4239185524
4298277582
4237097461
4299724562
4206855247
3845963985
4053655311
3845399769
3772987205
3705960226
3513304175
3452810483
3377356196
3331452473
3235162874
3210045251
3264309353
3238528102
3423616833
3314838020
3297005970
3259219092
3158322966
3156220192
3179504653
3177662443
3051906502
2990219653
2993809332
2953025596
2827698180
2772471720
2689395155
2656058731
2585594856
2487480431
2052395230
2295763322
1760491442
1986194040
1696636927
1570612580
1391801791
1522688942
1407289204
1410360713
1378049637
1428097865
1528811738
1544634485
1391308599
1638592417
1800069582
1830295322
1964818180
1861833832
1796610379
1848112922
1706387724
1734146861
1623542905
1673895548
1616655258
1614615010
1568016172
1412585684
1216302938
1382808707
1476459729
1393346782
1199322244
1278026220
1208821225
1557436458
1675824773
1650032607
1561380512
1386897778
1374890171
1188028396
1042248999
899321633
744660787
625843383
484266000
347618265
239733696
222826585
231324413
240012926
209275283
252359108
331366819
256990092
867328189
810659009
658625995
403352854
364880837
350666735
359719993
358407105
351751193
2620001152
2536156606
2609725354
2833171777
3056008824
3566419842
4695942406
4572179448
4632355856
4573123686
4468870500
4461110375
4410707298
4338636744
4224070811
4057388337
4068381856
3906055195
3783794884
3656583755
3915809367
3630536001
3431384879
3853710144
3567738234
3498100115
3411196054
3214152736
3132828233
2942350155
2779723473
2660734993
2533619424
2460139056
2340878525
2399223943
2255223060
2138102604
2012962013
1915091623
1892090728
1691075583
1566643426
1096959636
1499714133
1298464123
797429389
999301109
695214822
533378600
402780741
220320188
216103448
166441047
153379135
250501741
148107879
208875718
237487520
172692256
315316652
185511693
293330294
268859044
299079587
321031705
213488176
206383153
330644513
386244334
289353681
371787545
513628349
666224984
640962101
671167595
669711078
616132814
531708020
583846496
686157719
597321470
409525136
231078307
287648435
292471351
632749318
438825794
416171770
300072442
247622943
224950408
214859600
408882743
246978711
277219656
219565880
277417597
204969953
244854312
269231074
319222729
288350667
318215556
402600788
406520078
329345736
261294498
257337603
327646112
440401430
413656799
340509368
210434026
170604782
260931143
162153787
316055075
266357382
225089059
416197222
277508855
378330590
392239277
301168309
302145154
260269666
184314247
496964451
467379018
370041717
353456056
216019867
329410812
354386124
204619994
273047185
205847155
233686452
252149279
374871889
298918366
159350278
169701996
283612621
284110607
203277446
157201921
230680192
253263478
204072431
180051788
221341687
264000011
266824053
334379425
200409170
228985889
263504686
242378479
278680612
267071864
275963596
263248822
238246436
221239705
231907241
171086155
230642756
194626104
230928045
240572567
246818298
188543871
156672302
203199417
158120196
264455193
310412358
166003437
374016983
193125680
191355946
212296841
213913800
218692118
204014870
191736564
230203107
263070790
279608156
280690114
210231114
200968706
510277300
342194857
263926405
272526331
271097989
307390465
253955435
207097260
157415423
150296026
217297293
180291137
217940568
180984722
272659821
183520536
214527477
180980735
223119626
231565501
177547214
337924502
203134421
307229536
264153002
230422022
214255450
190950018
178003138
204821479
180053840
189146135
217906730
175190460
210773709
217681472
238059089
218358799
188927194
174634596
156210755
190204148
147515321
218685628
200602054
173938839
262801377
178587140
205789010
274579957
241357118
247689521
534205739
402290033
296641451
290843420
219444892
322605938
192014680
240223938
235453764
164347932
219518037
182714811
217139087
235296262
259797828
208733683
161283216
145510268
257228758
277932313
207914942
158264867
282806094
226790654
224243150
223254256
286021581
354856644
223460409
415124146
336352485
282153419
253199790
270627873
429109234
322442306
227817521
282842283
239622145
213755705
326172787
235442622
300318482
288644234
294676245
240514864
263007003
167242826
167845803
216751410
152623074
194187969
327696338
206572877
407737964
285555143
273041775
322820576
450460059
400781285
353476043
244198739
612709895
585646733
462260261
429251619
294195534
209463050
770074979
814711981
932753518
1107542617
1078212172
997701456
897692794
776982910
583547443
424217350
307020942
220536615
193037083
166462158
326278517
196004364
211399235
176386038
220745342
241764037
200255651
281609454
226639213
204977637
205526422
190608225
196790092
195901097
211771878
193972037
205126287
308448721
514105404
396635709
297776333
215538034
196489134
227124667
229471625
165090175
161314910
279880473
179272175
453274745
528285053
441919007
582637452
441037483
310929278
310146235
342813545
288669124
235264772
175980656
208826137
285423580
184838251
269277462
216800464
252999513
253672768
207768329
333948961
244494515
214564722
243253622
293617361
203462435
166798949
171189830
372121130
287492272
219261099
146404476
226484677
205084713
258858993
302966056
250744319
297121142
184406707
358955187
198726131
205475624
248816135
183986967
211032505
225773476
225482515
254723620
205867989
196892473
228985843
206556042
220853089
263901158
243966066
226942458
190736849
141269978
160663444
200097509
136212305
311368786
261560843
192212452
396426060
245662348
435741049
447035332
433250119
340767267
264140517
224244290
319312258
515026873
380716932
324678852
214490430
214204197
203624591
335238766
362237509
333529213
354229488
388561832
492347604
491849061
352018471
162336373
552245206
604674290
414669717
263380530
403503645
385376928
500086705
392934160
458341432
801320786
900914866
834649157
662394160
522194307
362395042
194660158
199501152
220413789
185401990
220775328
177068924
225646423
211363012
183321690
215590603
270733148
195312191
185359900
229531371
149539814
159177686
181832335
158946372
200139345
197771295
163146660
261505456
178341364
206425068
239590839
276045404
240232519
204261055
178529525
239372777
237793967
208072649
278142359
187460447
232065411
269349998
178477417
261313778
199901670
225129164
277012814
251875367
203652342
165705707
159690719
235630941
198812055
184852740
152706119
217322280
198270071
192199287
168062175
209300000
239992495
192745679
293958145
188575775
197211949
200721101
188351950
198707439
233056155
262181909
279332794
242864034
237661772
285643739
194581478
251396587
407161962
403456232
401283117
262449730
168053595
166584081
217897262
155595067
196685700
203107913
178701756
306171007
168671983
240434308
243811913
252433348
235533373
200119835
166736340
252638071
229301511
190421504
329419474
219728763
262267403
281396461
192882576
369610787
497252044
464585800
404902198
660324608
930044927
832031307
704506357
1488238954
2382903489
2850919105
2718584824
3266972200
3264107972
3410577333
3354444079
3344461957
3399831989
3468476484
3808405284
4039211437
4063080103
4046796997
4040682571
4086272880
4057557977
4019366375
4044859925
4077542225
4086264536
4039882426
3913792186
3842392091
3852720629
3804112409
3692999211
3634963976
3488277503
3301000097
3240024629
3066367983
2983266225
2909455628
2759450100
2853204451
2717555011
2737698386
2794624067
2855479242
2984453526
2928916188
2821996167
2829083340
2852895699
2785510047
2922876781
2856920932
2803505803
2957523370
2845317636
2858732942
2759319560
2743445812
2718267111
2713373511
2610580372
2434175917
2245844425
2226636723
2174235933
2078063891
1878345480
1861847991
1791259337
1726725488
1593786481
1539290296
1528572021
1440549817
1778821244
1701914048
1716931176
1742159786
1843334157
1898708104
1840641184
1783574805
1733420272
1635096172
1544806084
1541437596
1433296077
1385278588
1275206004
1215081022
1187377431
1115511290
948167667
756201043
731971837
544931039
558180274
561853589
450954941
756062516
697731073
893180493
1376115688
1357318890
1256779168
1146127244
958078635
875954113
712190385
573731942
513956431
362179100
245512797
370983813
321220119
301046721
246329396
260828706
384290112
322297471
756904791
597477239
410690162
545641306
437114444
356506162
355013021
333701100
349941356
418279124
2040722148
2369388862
2537033535
2474003074
2937273603
3055268554
3641210449
4392360961
4341402131
4330903499
4207762881
4081784083
4003073723
3871161363
3828542213
3768413444
3574354631
3435208029
3382413298
3266982763
3158115839
2799070921
3016076660
2680974336
2522074898
2339455755
2367831897
2418665767
2272011110
2484487306
2356783181
2365673879
2220358810
2152398660
2000047669
1894382309
1745902584
1693509903
1670066019
1559839444
1525530760
1370834690
1295876614
1140485741
1019666522
843180834
685743130
583002915
472473969
364055171
220742374
169170508
147344753
235471272
338777292
222085192
167950005
289426149
224541093
217495914
169341731
257852113
308934552
222243606
432090867
290079626
228089871
237572974
341917795
340613886
247854562
296901837
692795828
587216863
534609246
621753694
520649555
410103219
374665391
392058570
437633399
412650338
238554779
178388597
242018128
150317092
556482050
546379924
358133383
379974628
227099868
265159876
313916911
334612113
213565194
236650831
284798258
273957961
287020015
238297310
499702798
415284160
378830963
476539747
372701328
411389559
313513693
287390546
275528828
522530378
487047469
306504677
169731278
379035354
360702307
255147359
173095771
297248619
252827346
303306147
204528313
347494685
419307652
268194530
527581306
355769840
246432881
321052338
386872071
280686389
251416790
230551299
307067434
282312155
261870810
243747989
193810983
218667155
200996604
306706622
338040876
254293702
171228134
157159839
252531006
177744819
238360230
253187985
183407471
330439726
190212135
238287588
293107605
409953014
360867265
224684418
184534878
359390538
313296213
213193111
307331684
220991441
256654553
356951503
208508747
239226407
205155752
227520751
263857252
223496270
197838470
161738526
199705273
392333217
317121726
198793589
154745413
268219948
257407072
236411887
221469975
223394118
500562534
306845747
284192000
206850735
208332993
219168409
215274352
243896639
190076382
201210211
210915826
248329755
405686805
323904794
199873752
247839956
264702501
274852560
237818845
199212955
160562062
155503765
195694509
151454325
206592005
243877023
188532099
284044264
179498283
258879645
220862289
313472166
255904015
250699047
171381377
217719598
235848225
230186636
268482432
205346709
201149658
212332390
164494545
235110482
191306718
206840758
253880688
265463497
200136649
162347515
158423486
256761902
219037834
227467540
149345457
216415755
194102645
195078495
164295699
267328900
261060728
207183344
279026532
191115205
195342039
266362790
218577639
204219936
195138765
236647480
231230446
213140707
197355393
191884032
191455708
185345890
210906329
242476543
201457748
229556125
161408087
153738760
167848062
168877163
242975988
321034332
191000575
450489707
302486606
295747666
358490742
355285873
309687801
276138050
179630542
364305614
299495680
251173073
539720449
412596849
286198163
328384290
209994296
285239362
282382432
312484702
359689978
339355219
245928006
158429447
158732989
291898652
277080235
203635461
155482942
224270239
348116868
281984583
225925223
280447069
304544425
223279428
506371739
409355740
326466302
270510732
510600679
471573890
367927653
227312408
245628814
190531447
648914305
793765123
732714463
752370471
949772309
892704416
793908024
644194329
472631997
334328082
184436471
