173320331
163520544
166078340
144933343
156284954
151764725
149067483
146577174
147571433
138459962
145487655
144121596
146002802
146459288
144301122
147336590
147132863
148456878
145480400
146927840
144361275
143648492
145907084
149105724
164300267
135595420
144182518
139434525
151025380
148037856
140128370
143433935
143389019
141484266
145467933
143372790
152658902
146346479
135025213
150928093
149703705
141742581
142807623
143226538
141808424
143594242
141810468
140008741
149187627
142008277
140250353
139842239
141544081
138685864
141350075
141268194
140332306
142365787
136843831
140190697
138836278
142473866
142933230
142494179
159791199
129195740
139915575
141983045
143067544
140257741
141485500
139630141
141419807
140962702
173115888
142461454
141929764
145944483
142081034
140118659
144983479
138745112
143319661
141983827
141661200
142154911
139145556
140396221
142621469
138950831
138428194
138815143
141109698
141472126
150291759
138973259
142486683
141837565
131028563
145229377
141106063
142903824
138701976
141058757
145677732
143419940
141804539
146630272
142674387
138894404
146153271
169700763
140824053
144014753
150055100
143770524
150757385
146599504
124804842
128242336
141322080
142744553
147010002
145852944
168757353
129928126
144591608
164481439
135425757
148747947
142063797
140777492
144841809
161579123
124966988
145444380
141826983
165108091
143681169
171807186
145031604
143823600
161548212
145775015
144416522
141153163
141889121
142136520
140799026
162974403
144313819
140361776
143713402
163408306
144998440
143870419
148264229
143203756
135328271
141289957
142474724
143189176
148055222
144639128
144638796
143707731
145496249
151801541
140241370
146208120
142925972
141495396
146209093
140709449
139964101
145280396
139576248
141384566
144141446
143036797
140216484
145605862
140611860
141342775
147993218
142524331
139401444
146037658
141250694
142536798
145684883
140954339
158510118
141417154
142473784
145281779
142031081
140699981
158712445
142888158
142030578
142090912
143866729
141536164
140294012
144657379
139119350
138571870
146239253
142865861
139974161
146154160
140639088
141705400
144374412
137951888
145181769
143687571
130468448
141791969
145340566
142027934
140255379
142722950
141286361
139993337
148592369
143566181
145172409
143824282
141607363
140909879
146934015
140234901
141197541
158251830
142042328
139674911
139321368
141818660
140553446
148441326
142139993
140240540
176235522
126207660
140981722
142479881
143403539
162781220
144506351
139311644
151086632
141060276
139831127
140372265
143898448
140125934
140885283
139149368
144443653
144215550
141805645
148230136
145832912
140419993
141109689
142763250
140209304
140033388
145273835
145662567
141969120
143978408
145875028
140823099
149963175
141516153
132383869
143500576
140443359
164910283
140749151
142710253
139683682
140819206
143287978
142005988
142025560
160081930
145316957
141754712
141609045
140880937
144455388
141152432
141207046
137110511
137352769
141871634
138766530
141941742
143705942
139657920
142373768
142131084
146698853
139526188
158908323
137935869
139943591
143788530
148041334
151391117
142647703
152280767
148156205
141953675
172789247
132123126
144412048
134345827
141055442
138652463
141564699
143110289
140944570
142743976
143559203
141004221
160577026
140317467
139770157
143344574
144896334
140081716
143540403
148323288
130984762
146623724
146943618
141847362
142099400
139980802
146091437
141108750
139922327
141019704
148699416
141878248
141514247
143590358
142012227
140272251
150257296
138828438
139308060
183237486
145165329
132860200
144267422
147703543
140595084
142838399
146070129
152741614
147559914
145362733
143055868
148079049
148181810
141300269
147506357
146584570
148181031
143676483
140085338
144501021
140540499
143442308
144973284
141792628
141563313
144038845
140377721
141395653
142721967
164436469
140151572
144418772
147724218
139265086
144677392
145677401
147554492
160221101
147593003
142224104
130185889
143850118
144172494
142416248
141123294
140763788
144963435
142094468
151175070
142538998
133678851
139357225
128640801
159473197
158079352
140825621
145098003
140758652
143609775
124418876
164197973
123936129
140358612
153500478
163403929
133912416
142819788
139897468
143829866
139570198
141010833
141155947
173918808
141325326
144170178
142048034
141309357
141359464
140308460
140685866
143878820
138883265
140211382
140512161
141282250
140820312
142473296
147438266
142100240
140227827
143152189
145509252
159299979
137734549
141876224
147046953
143040845
141525564
156351754
145285654
131718810
159232961
126733312
147903921
131268984
134178732
148820110
141847977
140143048
147559806
141869677
147322748
145704790
139442483
144539495
146391808
139286099
147916632
143685267
147022765
148671895
140305338
140975431
151208729
147746585
140744255
144094925
152982292
141217801
143072088
150292353
142175114
140435794
151713448
142605778
140311627
153310087
145385738
142646747
157219612
141993951
139398768
171833114
143029583
151261240
133699727
139434604
123656734
138502862
162713528
142296686
140857726
149323185
139154663
163447439
135015120
140834437
141072954
165482823
140171825
159209964
143479889
140151345
163584136
141413747
139793808
166877137
141378832
142874048
142049919
142768231
133816685
132806035
140113204
141315851
129332816
142066276
147076173
140133822
138181403
141847474
140847106
138371869
143924908
140691949
159939278
149480738
141570763
160261781
139620441
144205114
150446515
146632976
142983375
151193429
146606911
142463399
147888837
141714216
143900604
147232619
141253241
142993251
149597866
144863699
141497999
156416720
149646351
138722800
137382570
141908237
159449647
149763336
142122137
142547605
164400139
142332470
139574498
141134519
141186655
131011379
161512217
146469769
141823933
142556916
146391314
139921904
161491845
140415648
142739662
149776059
140730591
140117715
143504218
140569920
158584496
153440995
140293537
139979884
146143185
153714332
140190867
140455077
145315739
142042605
145092319
145971007
141125433
169791113
146994761
144714049
147218195
142107461
126410458
146420895
144436820
146466191
145637998
143000459
142860616
147268711
141604446
145477216
135366822
141042515
140477734
148504826
144488210
139088149
143673782
142076516
140566416
146897523
139887840
140588191
145805144
140645846
139441779
144983202
139842604
130608469
147915104
142637447
142619886
147147213
142156712
140950390
154148045
139913921
139386089
136624478
142823882
145395550
142181214
141912514
140088400
142409925
139517331
159049126
129605986
140912157
140534974
140454427
140026509
159418366
125870213
143221471
139152000
140932996
141138456
140890489
142597875
140501200
140006142
142600659
140890781
139593210
144040230
141881168
135221068
152562883
142728567
142494066
145756515
142582789
141200666
152726357
132071517
140955035
142044339
142727558
131440601
144856368
154339406
173965809
129200168
142864917
139554249
141932343
148527161
130133326
147413964
144225795
144439745
141560330
144087725
143430408
141565877
145886527
142597920
141558794
141698900
140360286
140429907
142018270
139488510
139091664
142562597
139668946
140569595
141542056
141668663
138213919
145819773
139331857
140552153
146409249
140388702
139801904
174895845
142070062
134171164
147887054
177529787
127294392
141645749
143151585
143258564
143675512
152363776
143862152
143187611
142061050
140921932
142514498
141551361
165004631
134675848
139360310
138913675
145573711
140730751
140945141
138790536
144202036
141609879
139493085
158090203
140176274
142153042
133682663
143261931
143011618
141717071
142833690
136017404
148007242
148462612
141146496
164204852
145783047
141220820
146689930
141533855
144637616
144252431
157768687
135418743
143788587
141853293
159014664
146428052
141459173
126599243
230577687
152620025
141440053
151122762
141071178
143888881
147644130
150940752
150982326
161230745
140876798
145286394
155205805
140608725
167535632
148492690
139995795
143419017
147519940
163831512
151154205
146557763
148168333
146624166
143313674
130762947
134499276
138365161
146716755
150088469
162958242
133032163
144552592
143560781
154496333
130408117
131449838
151464368
144541741
164007992
149719009
141443566
148744175
142711793
152539104
133343375
143617344
144277664
127245276
132314213
134487285
135326303
142205554
147612224
143362599
144260874
143579650
146329873
147439587
139196567
136957708
164518067
141777601
145326976
145879463
149094193
140270191
149882208
151723200
130589297
128721269
182580499
132375258
142756763
157395251
154022112
136322850
140382943
169354839
142125763
145347343
156659956
150693346
148886184
140375093
161603147
141708094
139169749
153987951
136074248
147343106
143994791
142403096
141993958
146270430
142170721
133949930
151242891
139831086
131530209
143304936
127855359
142879045
161587664
158281712
152458384
131495321
134735857
144836071
158947982
129420598
149601445
145556415
126224315
129100331
125719337
138529642
130576791
124806670
139615111
143391124
125490654
143767066
148926502
157253657
141728137
156756897
142409666
159247785
144208260
141910691
147313087
143981664
145936793
149238869
131589800
133248251
141542825
141729046
133901507
142837937
131637183
143672265
146211450
144260929
137621752
145258451
144911949
125446473
161975298
146637186
136881184
141763530
132205721
130755516
142817819
159787978
148848812
142120069
154800068
132851500
130392280
146891554
144783939
141377304
159334417
130503292
162176962
143102936
144931915
146475828
217393518
130564469
139026192
177489519
132120090
139630917
143602119
144195282
140604168
145198288
145297393
160631215
148153540
143699684
146670533
183419921
141648732
139910249
140558759
147007273
143110706
144270452
142418807
140958767
139768811
142881587
137622389
139289599
139590709
141167265
152531923
139915262
140736396
137583901
140905665
142960511
138534744
142130866
140246150
140588444
140880666
139545148
137564752
139842176
141933727
148261916
141624386
140092330
141307482
140455005
140937069
140443819
147469190
140176308
142588502
144852347
142386053
141674493
142186638
139721965
141541651
142833556
140233281
142128005
139640058
136955855
138811226
145471966
141463170
141351453
148628471
143003890
139394535
141717229
140774431
141342634
143659028
140897361
140793031
148120772
145407569
139011871
148259664
141028365
155136203
147851799
140548158
151070337
184756227
141016525
138826833
146975975
159038222
144732098
141533026
145111465
145683071
161216729
143476054
141193530
142851288
140447358
138451356
141825759
140253139
123904954
143854330
142442458
143729754
143129742
142005146
146790840
139615728
143249616
144113525
143314524
147118013
141632682
142967480
143531503
155590306
174741295
132244891
141408763
160921036
157503477
148767342
162515673
155198916
145293698
141174105
150718196
142836659
157762036
148474518
141825623
142024160
143682539
140347574
145226692
143911778
140975450
152971433
146080296
141159669
149790296
146998533
141408464
152310865
147620039
142244827
154658372
147271082
149745094
135132980
141115886
144386648
149676418
141034013
143229505
146251014
144325835
143136443
139518240
147338865
135789972
159774009
155001689
161156818
141537013
140427209
144811298
142085026
142136970
143857207
147264784
140162456
141673923
144474332
141964526
141984854
143172914
142075565
141616216
146378769
139127230
154507619
142229517
141561915
140322293
145400095
147446636
147601457
143605669
140627785
142268641
155663715
158833037
141663859
166726859
144334335
145673743
156139482
143103356
141404577
145739330
156650871
162297999
155894751
143929777
143065267
141879382
145604619
141054185
139841398
177551527
127825149
140643852
147591405
141598029
140275867
142534245
138134503
153498175
147820906
135734182
143863587
145454810
145851216
140670753
140294428
146046982
143321770
140553387
147374748
142213346
141251679
152347673
147184637
143470324
148187780
142383056
142209450
129340220
147475335
125948234
125565196
129569442
139819758
142023866
145501257
141972719
151327730
144089000
143805277
145984631
147706346
143336998
148696883
162133900
141967453
171051893
143161369
144357965
167686037
142855432
191101064
133040109
134321729
154466222
165820623
139469275
145559533
141904080
138332961
141597974
156665513
133782986
143190978
146078386
139658159
146378800
137228289
146151414
151188091
122303427
149994675
164248658
144739485
146568246
144269065
145283238
144308492
139832089
146581322
149105390
143195876
146210548
158051179
142290545
153651678
145474278
142017143
143249881
143562799
140911174
143491997
131786441
143191927
165740796
147658627
143071983
142637579
145806399
140747954
137987431
143513402
167424637
140335876
140840371
139444243
139880898
146596604
143698978
139240652
144486707
142594288
140763308
143365001
143822144
140514513
146958073
147487691
139907011
147655103
140238877
152320757
145507024
137281817
148079665
143775848
174477652
127879897
145838796
152689669
131780138
148236967
148406278
140995818
146326423
179074366
126324941
145884176
146302457
141223175
145639486
148616029
141592101
143932271
146888095
140400752
141586577
152323524
141379981
141704158
144193921
141290569
160103384
145629617
143133958
143647043
148826340
140689813
145345552
148360693
142480684
147546933
145851959
142442929
140427955
151823898
142950626
146956994
148738104
140037402
147063722
145137503
140300244
143302494
140894756
140239074
147199252
139325423
137827785
171544871
141042522
160381822
154451081
139609966
139638146
140147178
142091703
144182079
140933725
145012384
148944260
141622676
140238083
142975981
143019428
139830876
140221773
142691977
140339632
134544332
143151331
140206018
150342580
146028830
141210973
146406178
153709728
141035837
146868288
142674909
138051735
144939069
144880098
140389751
146776315
145231016
146936959
140668290
147961446
142719568
141665666
143087905
146826939
141538861
144424213
157774984
141658263
148509473
140850419
144321414
143932906
139953955
147066299
140979730
139566190
147499139
148693673
139680274
142910025
143498430
141885116
146446085
144491154
139854665
144405063
145124855
142208472
133641171
145008559
141379849
132147349
144624651
140461585
144446532
170302682
155167080
142258444
143458741
144917671
147681880
142616091
138809380
148433646
144099193
142357438
145008602
146079598
139247101
147317110
140893202
138255681
147167540
142683758
146660259
178266254
143354504
138784319
145218514
145869369
140207962
150993722
146885093
143476213
140771776
149467992
142184673
141180966
145490706
148817238
140972247
144850561
145950130
147656261
140291885
146833440
146474887
144061772
145480794
141114737
138869707
146096497
162515359
145606832
142768079
135512180
145279398
145655595
142075977
144529278
147754742
133300411
146803975
150177035
163988378
131450160
163062095
140384091
141357467
143184084
143007949
140856526
143591945
135533599
142835157
140171429
139756472
141550058
143108556
141782754
157634001
144360294
125677703
