190914795
212890142
260438800
200096357
384755430
228571807
243056464
247771385
236547450
199970778
213366395
194303689
219384188
213019759
187216389
329242786
196297576
224670566
216853166
164834451
218806275
184167016
210920877
234162918
279054375
189390632
166793981
151928279
292565104
261258298
180532525
152393009
262227790
198163535
202375385
186628121
206259767
252841780
179497307
372093663
217324962
193260143
189224412
222038600
201693593
186524957
216645160
398797395
343371946
278893123
219972440
169123309
204993968
192318596
224521208
215293633
191018522
159406194
149355364
185547866
173419744
251841081
263203048
165187648
410527752
212797170
234193456
319598179
369262651
341933528
269142101
182427894
292627334
355692913
278185752
403640237
447078081
333415913
292539621
179895377
280916691
199309641
311533664
332667335
367776377
290626017
171891214
156927729
322394213
261880706
203227734
151961463
211653930
206372738
230642743
189968421
280929364
341431554
210901238
453895016
350672163
270625782
273601204
333535007
501043515
483589707
339539214
261443693
261169178
245980200
591518235
512058395
633363930
682347697
917590443
827691186
720327751
528961920
347740910
237325047
151319694
199918728
206722059
180699612
378299922
183502190
221117430
274655369
227334960
226099098
199516907
159231774
221817100
237784906
172787419
247143574
242988053
276395062
257819328
201748913
231665590
237132345
485726950
417042917
332460703
258065934
156488755
161947313
260829537
281667215
233215896
152830605
494030502
587856534
518489868
345165500
320521286
290891610
234326790
373081070
276311797
229858479
211842906
233355282
224798000
246865272
203719398
236017924
210678216
243464732
218282741
177091258
251079349
239053380
230719542
231361587
218744124
166162943
164219339
268046615
165939034
227084510
231336439
160320144
320320553
180240029
280158327
248206674
233483224
289158106
207234834
183102320
348512720
311430430
235771499
292125267
220410783
262576198
280091801
183226070
226611491
203357250
228535984
258437485
295358030
222956595
151804481
149266068
305376191
264163601
200529260
167017958
261840793
217662109
211051291
213293064
262696983
470597706
352394248
566758243
366282058
262983252
309291232
276814872
491714158
358635349
223513601
235801225
215843692
193696888
462500525
344622050
354071159
319592491
368725086
390436307
382997488
220114226
168782457
281477477
162658106
359558365
291302312
211491745
809462201
804205588
902767411
1301874876
1219610834
1098477765
933065111
740949277
633205116
490504028
325188042
225827296
236759987
190838867
219001194
171929464
218237935
180838454
207734252
244360784
226238069
194242823
153656423
149709313
215554454
203315539
179238300
155290679
212811575
183022882
203679606
172595790
281888163
240087753
165774628
304909519
200792233
215313659
208695022
210754134
212709005
199079835
199881645
211378371
221427280
227361709
216571131
204472080
207587833
215103274
256195680
216202950
196570141
163032016
148256582
196929505
152539411
204549912
200994083
187834917
289909960
186112824
319541324
260596412
278445943
231417617
212615340
182095976
232706653
220130681
192901557
291192574
254107927
280022405
336958465
175191622
264580727
231887061
261613804
305406194
361725701
320406509
176357712
159366300
302705019
258115791
234026450
158890283
287203356
301354562
229052387
177287786
210108660
265336695
180416371
275349463
192616833
187968852
217150385
205678421
212950126
204865592
224820986
242126595
266881271
207436058
279426480
232809885
359482064
288972353
418562693
512729069
875762568
876015338
747215754
1151908754
994722640
1548888734
2055115219
2249014511
3159857648
3099427960
3313043378
3398513128
3469746878
3505791810
3717134246
3869258275
4127759847
4166487024
4154170848
4363848250
4311517640
4392422687
4487510733
4352167674
4337651797
4239185524
4298277582
4237097461
4299724562
4206855247
3845963985
4053655311
3845399769
3772987205
3705960226
3513304175
3452810483
3377356196
3331452473
3235162874
3210045251
3264309353
3238528102
3423616833
3314838020
3297005970
3259219092
3158322966
3156220192
3179504653
3177662443
3051906502
2990219653
2993809332
2953025596
2827698180
2772471720
2689395155
2656058731
2585594856
2487480431
2052395230
2295763322
1760491442
1986194040
1696636927
1570612580
1391801791
1522688942
1407289204
1410360713
1378049637
1428097865
1528811738
1544634485
1391308599
1638592417
1800069582
1830295322
1964818180
1861833832
1796610379
1848112922
1706387724
1734146861
1623542905
1673895548
1616655258
1614615010
1568016172
1412585684
1216302938
1382808707
1476459729
1393346782
1199322244
1278026220
1208821225
1557436458
1675824773
1650032607
1561380512
1386897778
1374890171
1188028396
1042248999
899321633
744660787
625843383
484266000
347618265
239733696
222826585
231324413
240012926
209275283
252359108
331366819
256990092
867328189
810659009
658625995
403352854
364880837
350666735
359719993
358407105
351751193
2620001152
2536156606
2609725354
2833171777
3056008824
3566419842
4695942406
4572179448
4632355856
4573123686
4468870500
4461110375
4410707298
4338636744
4224070811
4057388337
4068381856
3906055195
3783794884
3656583755
3915809367
3630536001
3431384879
3853710144
3567738234
3498100115
3411196054
3214152736
3132828233
2942350155
2779723473
2660734993
2533619424
2460139056
2340878525
2399223943
2255223060
2138102604
2012962013
1915091623
1892090728
1691075583
1566643426
1096959636
1499714133
1298464123
797429389
999301109
695214822
533378600
402780741
220320188
216103448
166441047
153379135
250501741
148107879
208875718
237487520
172692256
315316652
185511693
293330294
268859044
299079587
321031705
213488176
206383153
330644513
386244334
289353681
371787545
513628349
666224984
640962101
671167595
669711078
616132814
531708020
583846496
686157719
597321470
409525136
231078307
287648435
292471351
632749318
438825794
416171770
300072442
247622943
224950408
214859600
408882743
246978711
277219656
219565880
277417597
204969953
244854312
269231074
319222729
288350667
318215556
402600788
406520078
329345736
261294498
257337603
327646112
440401430
413656799
340509368
210434026
170604782
260931143
162153787
316055075
266357382
225089059
416197222
277508855
378330590
392239277
301168309
302145154
260269666
184314247
496964451
467379018
370041717
353456056
216019867
329410812
354386124
204619994
273047185
205847155
233686452
252149279
374871889
298918366
159350278
169701996
283612621
284110607
203277446
157201921
230680192
253263478
204072431
180051788
221341687
264000011
266824053
334379425
200409170
228985889
263504686
242378479
278680612
267071864
275963596
263248822
238246436
221239705
231907241
171086155
230642756
194626104
230928045
240572567
246818298
188543871
156672302
203199417
158120196
264455193
310412358
166003437
374016983
193125680
191355946
212296841
213913800
218692118
204014870
191736564
230203107
263070790
279608156
280690114
210231114
200968706
510277300
342194857
263926405
272526331
271097989
307390465
253955435
207097260
157415423
150296026
217297293
180291137
217940568
180984722
272659821
183520536
214527477
180980735
223119626
231565501
177547214
337924502
203134421
307229536
264153002
230422022
214255450
190950018
178003138
204821479
180053840
189146135
217906730
175190460
210773709
217681472
238059089
218358799
188927194
174634596
156210755
190204148
147515321
218685628
200602054
173938839
262801377
178587140
205789010
274579957
241357118
247689521
534205739
402290033
296641451
290843420
219444892
322605938
192014680
240223938
235453764
164347932
219518037
182714811
217139087
235296262
259797828
208733683
161283216
145510268
257228758
277932313
207914942
158264867
282806094
226790654
224243150
223254256
286021581
354856644
223460409
415124146
336352485
282153419
253199790
270627873
429109234
322442306
227817521
282842283
239622145
213755705
326172787
235442622
300318482
288644234
294676245
240514864
263007003
167242826
167845803
216751410
152623074
194187969
327696338
206572877
407737964
285555143
273041775
322820576
450460059
400781285
353476043
244198739
612709895
585646733
462260261
429251619
294195534
209463050
770074979
814711981
932753518
1107542617
1078212172
997701456
897692794
776982910
583547443
424217350
307020942
220536615
193037083
166462158
326278517
196004364
211399235
176386038
220745342
241764037
200255651
281609454
226639213
204977637
205526422
190608225
196790092
195901097
211771878
193972037
205126287
308448721
514105404
396635709
297776333
215538034
196489134
227124667
229471625
165090175
161314910
279880473
179272175
453274745
528285053
441919007
582637452
441037483
310929278
310146235
342813545
288669124
235264772
175980656
208826137
285423580
184838251
269277462
216800464
252999513
253672768
207768329
333948961
244494515
214564722
243253622
293617361
203462435
166798949
171189830
372121130
287492272
219261099
146404476
226484677
205084713
258858993
302966056
250744319
297121142
184406707
358955187
198726131
205475624
248816135
183986967
211032505
225773476
225482515
254723620
205867989
196892473
228985843
206556042
220853089
263901158
243966066
226942458
190736849
141269978
160663444
200097509
136212305
311368786
261560843
192212452
396426060
245662348
435741049
447035332
433250119
340767267
264140517
224244290
319312258
515026873
380716932
324678852
214490430
214204197
203624591
335238766
362237509
333529213
354229488
388561832
492347604
491849061
352018471
162336373
552245206
604674290
414669717
263380530
403503645
385376928
500086705
392934160
458341432
801320786
900914866
834649157
662394160
522194307
362395042
194660158
199501152
220413789
185401990
220775328
177068924
225646423
211363012
183321690
215590603
270733148
195312191
185359900
229531371
149539814
159177686
181832335
158946372
200139345
197771295
163146660
261505456
178341364
206425068
239590839
276045404
240232519
204261055
178529525
239372777
237793967
208072649
278142359
187460447
232065411
269349998
178477417
261313778
199901670
225129164
277012814
251875367
203652342
165705707
159690719
235630941
198812055
184852740
152706119
217322280
198270071
192199287
168062175
209300000
239992495
192745679
293958145
188575775
197211949
200721101
188351950
198707439
233056155
262181909
279332794
242864034
237661772
285643739
194581478
251396587
407161962
403456232
401283117
262449730
168053595
166584081
217897262
155595067
196685700
203107913
178701756
306171007
168671983
240434308
243811913
252433348
235533373
200119835
166736340
252638071
229301511
190421504
329419474
219728763
262267403
281396461
192882576
369610787
497252044
464585800
404902198
660324608
930044927
832031307
704506357
1488238954
2382903489
2850919105
2718584824
3266972200
3264107972
3410577333
3354444079
3344461957
3399831989
3468476484
3808405284
4039211437
4063080103
4046796997
4040682571
4086272880
4057557977
4019366375
4044859925
4077542225
4086264536
4039882426
3913792186
3842392091
3852720629
3804112409
3692999211
3634963976
3488277503
3301000097
3240024629
3066367983
2983266225
2909455628
2759450100
2853204451
2717555011
2737698386
2794624067
2855479242
2984453526
2928916188
2821996167
2829083340
2852895699
2785510047
2922876781
2856920932
2803505803
2957523370
2845317636
2858732942
2759319560
2743445812
2718267111
2713373511
2610580372
2434175917
2245844425
2226636723
2174235933
2078063891
1878345480
1861847991
1791259337
1726725488
1593786481
1539290296
1528572021
1440549817
1778821244
1701914048
1716931176
1742159786
1843334157
1898708104
1840641184
1783574805
1733420272
1635096172
1544806084
1541437596
1433296077
1385278588
1275206004
1215081022
1187377431
1115511290
948167667
756201043
731971837
544931039
558180274
561853589
450954941
756062516
697731073
893180493
1376115688
1357318890
1256779168
1146127244
958078635
875954113
712190385
573731942
513956431
362179100
245512797
370983813
321220119
301046721
246329396
260828706
384290112
322297471
756904791
597477239
410690162
545641306
437114444
356506162
355013021
333701100
349941356
418279124
2040722148
2369388862
2537033535
2474003074
2937273603
3055268554
3641210449
4392360961
4341402131
4330903499
4207762881
4081784083
4003073723
3871161363
3828542213
3768413444
3574354631
3435208029
3382413298
3266982763
3158115839
2799070921
3016076660
2680974336
2522074898
2339455755
2367831897
2418665767
2272011110
2484487306
2356783181
2365673879
2220358810
2152398660
2000047669
1894382309
1745902584
1693509903
1670066019
1559839444
1525530760
1370834690
1295876614
1140485741
1019666522
843180834
685743130
583002915
472473969
364055171
220742374
169170508
147344753
235471272
338777292
222085192
167950005
289426149
224541093
217495914
169341731
257852113
308934552
222243606
432090867
290079626
228089871
237572974
341917795
340613886
247854562
296901837
692795828
587216863
534609246
621753694
520649555
410103219
374665391
392058570
437633399
412650338
238554779
178388597
242018128
150317092
556482050
546379924
358133383
379974628
227099868
265159876
313916911
334612113
213565194
236650831
284798258
273957961
287020015
238297310
499702798
415284160
378830963
476539747
372701328
411389559
313513693
287390546
275528828
522530378
487047469
306504677
169731278
379035354
360702307
255147359
173095771
297248619
252827346
303306147
204528313
347494685
419307652
268194530
527581306
355769840
246432881
321052338
386872071
280686389
251416790
230551299
307067434
282312155
261870810
243747989
193810983
218667155
200996604
306706622
338040876
254293702
171228134
157159839
252531006
177744819
238360230
253187985
183407471
330439726
190212135
238287588
293107605
409953014
360867265
224684418
184534878
359390538
313296213
213193111
307331684
220991441
256654553
356951503
208508747
239226407
205155752
227520751
263857252
223496270
197838470
161738526
199705273
392333217
317121726
198793589
154745413
268219948
257407072
236411887
221469975
223394118
500562534
306845747
284192000
206850735
208332993
219168409
215274352
243896639
190076382
201210211
210915826
248329755
405686805
323904794
199873752
247839956
264702501
274852560
237818845
199212955
160562062
155503765
195694509
151454325
206592005
243877023
188532099
284044264
179498283
258879645
220862289
313472166
255904015
250699047
171381377
217719598
235848225
230186636
268482432
205346709
201149658
212332390
164494545
235110482
191306718
206840758
253880688
265463497
200136649
162347515
158423486
256761902
219037834
227467540
149345457
216415755
194102645
195078495
164295699
267328900
261060728
207183344
279026532
191115205
195342039
266362790
218577639
204219936
195138765
236647480
231230446
213140707
197355393
191884032
191455708
185345890
210906329
242476543
201457748
229556125
161408087
153738760
167848062
168877163
242975988
321034332
191000575
450489707
302486606
295747666
358490742
355285873
309687801
276138050
179630542
364305614
299495680
251173073
539720449
412596849
286198163
328384290
209994296
285239362
282382432
312484702
359689978
339355219
245928006
158429447
158732989
291898652
277080235
203635461
155482942
224270239
348116868
281984583
225925223
280447069
304544425
223279428
506371739
409355740
326466302
270510732
510600679
471573890
367927653
227312408
245628814
190531447
648914305
793765123
732714463
752370471
949772309
892704416
793908024
644194329
472631997
334328082
184436471
